5234
6789
7421
8012
9345
4567
11234
9876
6543
7231
8456
9123
10345
5678
7345
8765
9456
6123
7890
10456
5432
6987
8123
9765
11345
6321
7543
8890
9678
10234
4789
5634
7210
8450
9340
10012
6875
7432
8567
9210
10321
5768
7340
8899
9567
10123
6234
7456
8120
9789
11045
5321
6870
7542
8231
9450
10098
6540
7321
8678
9342
10450
5890
7123
8459
9234
10111
5670
6989
7540
8891
9654
10876
5439
6765
8129
9012
10345
6211
7348
8560
9432
10067
5789
6890
7451
8345
9560
10901
5123
6678
7899
8456
9321
10045
5760
7211
8543
9187
10222
6345
7431
8890
9670
11012
5230
6780
7345
8561
9456
10123
5891
7120
8432
9340
10456
5672
6980
7543
8234
9567
10890
5431
6876
7999
8450
9231
10000
5765
7342
8569
9450
10321
6120
7210
8789
9561
10987
5342
6891
7430
8340
9212
10145
5679
6981
7544
8455
9341
10678
5899
7121
8230
9678
11000
5430
6788
7450
8560
9322
10076
5761
7349
8891
9452
10400
6123
7215
8562
9348
10901
5320
6890
7432
8231
9123
10198
5670
6987
7541
8450
9560
10845
5432
6760
7890
8345
9234
10054
5780
7340
8567
9456
10234
6121
7219
8780
9671
11023
5340
6899
7435
8230
9340
10167
5673
6985
7540
8452
9567
10789
5435
6781
7898
8561
9230
10032
5769
7341
8890
9450
10345
6230
7123
8560
9342
10900
5324
6892
7431
8234
9120
10123
5671
6989
7545
8451
9670
10812
5438
6769
7890
8349
9235
10089
5781
7344
8568
9451
10456
6124
7218
8781
9569
11045
5341
6895
7433
8232
9345
10110
5676
6984
7542
8456
9561
10765
5436
6782
7891
8560
9232
10043
5762
7347
8892
9453
10320
6231
7125
8563
9341
10934
5325
6893
7434
8235
9125
10156
5674
6986
7546
8453
9672
10834
5437
6770
7892
8350
9236
10067
5782
7346
8564
9454
10478
6125
7217
8782
9570
11056
5343
6896
7436
8236
9346
10134
5677
6983
7547
8454
9562
10798
5434
6783
7893
8565
9237
10021
5763
7343
8893
9455
10367
6232
7126
8566
9343
10956
5326
6894
7437
8237
9126
10178
5675
6988
7548
8457
9673
10856
5433
6771
7894
8351
9238
10088
5783
7347
8565
9457
10489
6126
7216
8783